-39.1220341533
34.541854449
-17.8379609857
-25.3267235067
-13.6423989512
-13.4029155566
46.0773087877
20.158418862
7.53636190038
-30.4411020188
-63.3188703152
-5.76168254193
21.3055735081
12.4987029661
31.8047907384
-10.0599369194
-33.7951461482
61.9201863698
-20.9995351794
-1.21858925471
19.031383853
11.9734550383
-36.0758400892
-19.1235465448
-36.0157796494
13.3531289594
-37.7701206158
-0.485857439117
-33.944646662
8.12020276438
48.6926648232
-23.7564327201
48.7639836134
20.1837597332
-23.3300352261
-23.4836691994
-8.36660852361
-50.7044820985
-47.8419354467
-25.8216412626
-82.9625891408
50.1549526756
11.7279470048
0.585743524035
-0.753634962794
-7.0555970506
72.3638670969
-13.9088811289
13.9417448147
34.5202476011
-45.6977348091
48.4392152265
-20.5931588092
-53.8374637372
11.9544421979
24.5606507219
-7.26915270849
-32.6364796015
-18.4107148337
67.2757404274
-0.366759052282
2.14404825567
3.17368779044
-2.6959045951
-23.4385897624
-19.3794178568
-14.2183638627
3.21815286805
35.8706348942
11.0589876614
15.5271294303
2.29255588129
21.2138709637
-2.50857721929
-27.1569249806
-55.4169058323
-0.118342024061
13.5424122913
29.2937000408
2.46813350167
60.8925982689
9.87685819001
6.3652795003
24.317321038
-38.6512542037
12.0428133277
-21.9556377663
-7.9667676812
14.5935976549
-22.250164002
5.31753081319
42.9078314915
-10.0340087668
-22.472371487
19.7224973226
-30.2985675909
29.615963922
23.4480173602
-21.776658577
84.6850042285
-31.7792807422
-1.27292605736
-25.0544503837
24.052727822
-11.8557627407
-24.4988670751
77.8364240239
7.98777372733
4.590483898
-9.62189973685
-13.0967025705
-80.93440264
-26.8294321653
18.2788201107
-41.7555865497
4.54175265597
-39.373065428
-3.50865072276
13.7519805121
17.0938961337
10.9777772538
-4.93643979369
-14.8387976963
4.11360170854
28.7198217772
61.7434011921
-34.0326176784
28.5190128739
-99.4803617585
26.4449594726
-1.47503090843
31.7914204147
32.5521166637
32.3531761254
12.0733833379
-46.0258420769
-15.5592235948
-19.5016704354
32.2218931825
-37.9127364574
33.5832137534
84.6682659047
-39.4253332684
-22.0936763864
36.657053548
-25.8235717773
8.77220896022
41.837171554
-80.9178749421
45.3785217951
-36.5642101092
-6.34744438497
82.0510625593
54.1800361137
-70.7507980917
-97.5959263295
22.1872262524
-28.636081322
-18.0706650124
-59.8753137531
24.2540841009
55.1099410202
2.83021023597
13.2049806517
-40.234612041
-30.5757831707
14.3296949622
-36.0513776519
-15.858969543
-56.1720281264
28.0116108545
21.8962045163
20.6095941116
-41.045825907
-38.8815356324
-11.3703335407
29.1201054251
23.684167232
32.4791461731
3.80621487765
-39.3495695638
32.0747281936
-18.1117994049
11.7924595183
41.496006386
10.4543999098
24.3188761139
29.00996693
10.7421168977
44.8193292459
-12.0674798313
-8.62629170629
14.62846954
14.5660409932
11.4275345641
64.6810477363
-59.2540189354
9.54258174539
19.6636216811
5.83271821908
18.7716710793
-5.29259573707
7.2015716434
-65.1121824142
-6.51633461577
-4.33026957395
-12.2574967057
-24.1313151638
9.96425633809
-29.5819936726
0.645505865134
-77.6447510096
-35.2761064422
-16.8249027717
-31.9433129107
19.9425640078
50.0320628417
-11.1466656658
-32.2349123386
42.241366917
8.20325945099
-46.7034915934
2.27046644305
-78.0671816545
-12.8743411424
-31.9033046677
1.74987087574
-44.7227541684
-30.6752013096
3.82516937883
-6.95114168368
-19.3326264487
-52.7742028409
-12.0180004438
-58.7283295364
17.489949144
-0.358099625338
57.0343827087
7.25292183874
13.9144744485
13.5773655491
-21.9327865846
18.3033016184
9.84244091561
6.3712708476
-40.3272194837
-37.4290734974
29.0170458088
-7.06909058601
13.5729225644
-11.860914533
-55.3616392156
-6.56025888681
14.9453207753
-38.9789733283
-49.0698153289
15.7780617788
15.8952282094
49.8991474366
5.02581928569
-14.8589537422
-12.1525230928
-6.43818688022
28.2665520815
45.8671877072
-4.49554772236
-0.091362104096
-52.2988120406
-13.7421526427
-17.9798996725
33.7226926907
-3.23110548068
34.5869762466
21.7513592922
33.5631786461
16.1253476125
14.1480986965
14.3674178613
44.1725088468
-9.31158917811
-33.4096407294
-44.7266137173
1.14732044951
-18.070732285
-93.2776301394
-25.5233046007
-19.6730809834
-62.2914408216
7.94629018243
0.190731060867
-19.7041708542
-31.3834957701
9.1646492344
37.4802490222
17.2607238546
-29.1907830998
31.962050495
22.6529619236
38.7650965881
16.7728540937
1.85831392739
-58.9111035358
30.5958788
40.586125825
-5.7889681577
49.4267747786
-2.68974193575
61.7393263279
-5.34541229487
-47.4881509962
-26.8348188904
-4.65753148703
17.8646481257
48.7398601737
-4.59850606303
-17.508553058
1.89034413055
-21.477287169
-32.2728463247
-19.8484348431
-32.376226098
-32.9825185809
-19.8429149694
-35.2033751887
-16.9160357304
51.4469161656
-68.5522052816
-25.6866077311
-4.07130541097
35.7057265219
-1.37356082155
-9.39530086013
-0.0830271096257
-29.9194015591
28.7197431377
10.8744293874
-15.5001507374
-46.5350025023
4.62017851472
51.5411692446
8.83833750179
0.373676710792
-36.9962496925
-14.2226249103
-27.2888693296
-9.27779151855
-41.1486595422
-108.034083478
-13.5839756854
-39.9747813797
45.9778614119
-22.2513864759
-26.0796910991
31.0813603595
4.90584409908
-19.4593468645
-6.94705994952
-11.207825187
-35.4048671819
-8.16337943199
1.74470047866
18.4350081267
55.5892914038
-18.6897919402
56.7406593019
17.8407141116
-35.6294200218
-54.0733046321
2.86961357
4.26925044737
-34.3662714394
17.3809748125
25.7057900563
56.1973100032
5.20408582106
-42.036625485
-49.1679190596
19.1430407416
-57.4536442919
-49.7994408108
33.7083147144
-3.94056556194
-39.6990624952
-30.2259611028
-13.3951785673
-41.7983388113
33.0125986005
6.23444329864
-22.269205367
-48.9528930924
-43.467685862
2.36414274847
-11.1844918587
-7.67867655257
-24.5259230773
21.2635477627
31.0984681537
63.7647818561
-48.2982466118
42.5623875506
-37.4353949532
28.8694188275
3.69916487072
41.4162163873
40.2161444815
-17.0526995683
33.2560507821
28.159368505
13.8918901893
-31.1828501068
3.96695844681
19.3683946969
-22.2857574551
2.16634195248
15.2601486491
2.03230749579
-31.6299176822
29.7012036459
-12.8864531433
-35.4171158732
-32.8128615483
-18.8136725483
-25.4608696763
-15.2635817729
-11.8914900413
-21.7296948176
15.6207357761
-15.3037358054
0.552992864568
-51.6736744596
13.3357314807
-26.6786882033
4.81135784058
-12.4671832459
42.0761034815
-1.25796606797
-41.2127479662
-45.3389703206
-18.7899727153
-54.3526381592
-26.0388799283
4.71624674541
-14.9134408487
-16.6974002489
-7.34058382172
34.0986630638
38.2241616397
-52.917555499
23.3758000365
-41.6190022161
-78.2210010782
37.5666050593
40.8251138477
-5.81596474075
7.18770045667
-61.4029095359
-10.7841827259
3.88176124235
-51.6390551001
4.29953616818
-6.45861528419
-27.4593064141
-21.3082720127
-10.5668064086
-0.92710972644
-20.9520939051
19.5885999385
-15.4565410214
-1.37179005096
-44.7080808959
21.9614427813
-11.2194994709
35.2100790894
34.6058619835
-31.5743751472
-29.0813637864
-1.53899209295
35.0918280621
-8.91659787173
52.8700193612
-69.3093860096
-29.5793353287
64.9559232405
-28.8401999315
-37.2178735424
-36.6366395332
42.4954782227
23.8463939311
6.93211479297
-19.3697010229
43.5359924578
-47.1179135588
-51.1822638365
-3.68499140574
-4.84478476861
24.7033779271
-72.7803515101
-17.890867088
-0.833896901687
-23.8500893084
31.1182763761
12.4946699785
2.69406697192
-2.78451215218
71.2678208903
-35.32329415
-25.432680459
24.5103054186
9.98492320401
-19.4803364935
19.358966286
26.2795017986
6.9989101111
-18.8867101484
-4.6214436827
-32.9714321009
-2.57588356837
-4.56784951982
-62.9481884218
-31.4430305323
-39.6629482648
13.6806439118
-46.7008663726
62.534087349
12.9872211268
20.1718646737
-33.5789344898
-1.50530627207
-67.3568881751
-47.3333772248
21.7836995986
-10.5596388943
51.3209626624
21.6061054341
-17.9080247522
-7.22128107901
-27.7782231509
10.317489781
-8.22219544043
-2.71663949423
-32.3923209767
-24.3029837579
-73.7987002902
-3.84516573494
-41.6053206329
9.5987548681
34.7011783943
-64.9811623693
13.0963082896
-35.5346600641
24.615246684
8.5972641205
-44.4534524726
-82.1552714645
-31.4956903007
63.0640359709
-61.9760904648
7.43119523994
40.5062874707
-69.2277626273
-23.152254783
-7.76926953789
-25.0543967574
32.2529001225
-76.3277618773
26.9437294154
24.915937545
15.1776911215
1.28940681451
-7.19606477309
-5.38065575804
-2.65817218079
34.5758597746
0.673178061595
-6.33654168
-38.784609071
53.9676956469
-57.4009274422
-19.5159413224
-11.9449787047
-39.7573471704
-5.3408068393
-4.10091173856
-16.2627779034
30.1730333805
3.40494072429
-46.8279945622
-27.3855125412
1.98667715403
-42.3843582184
47.459217459
9.05806625151
-27.7010336838
22.2761069829
31.71654806
2.12281648214
-17.5020822798
-10.7005791508
-47.3093428562
-4.20152104367
-34.222962776
-34.7557897977
-1.92894747764
-35.6395274889
16.9541784361
44.410867654
-2.3777718517
-26.0685472689
26.1261466997
-32.6774317489
-11.6210634042
-17.7470539004
43.7523345829
-11.0273283865
-30.6074333489
7.83904478203
-18.5220559437
-7.12449106713
-7.87415871879
-7.81117175434
33.8362354599
36.0364517009
-30.3684584482
-17.7414504015
13.6730444852
89.0436974188
-18.7100305432
-31.4054727244
-35.5125104639
-2.27158456777
21.1922704839
8.83308667951
7.59558477542
-42.8951075144
13.4791797427
22.1608765072
-17.4454395574
25.8838901434
5.54428142629
-8.67656245272
19.4105957487
34.0216317735
-53.1016659539
-38.519352334
-12.3190104784
61.8157830564
-61.7914616225
-58.499674375
0.268439953993
-27.9620448398
64.6150445366
-1.84995864969
-19.4064906036
39.6735780691
-29.0117788642
21.9218384559
6.02933553578
41.5850311185
-50.9671113386
-52.3414620777
-26.4513526728
-0.871019014748
-18.9833481293
-32.7032390843
1.92552070899
-16.5727033427
43.1657053667
-7.96423065085
-29.175978067
-23.822957436
17.7793981522
-33.9104788251
-2.96531633145
-18.9192236955
24.6937432352
-50.2055011476
19.9370256888
42.0544765985
-4.44629281048
21.1719214904
23.3700821873
18.3130518183
-27.1158662611
17.2232754057
-17.7022103976
-29.016769892
7.40897397662
14.3577354783
-16.6065036908
-1.7530717622
55.2775343236
-23.268644798
-3.71393569253
0.059648977446
33.3647427727
-5.5624089081
-14.2895862793
-21.1703888496
-25.9979368717
51.7092666264
18.1253355147
6.88092626344
41.4357611736
-41.5753103799
-46.0957474045
2.45921329507
-19.6030583327
-2.96994467429
-4.58515863963
-2.06204840833
-26.1185687274
1.18564253284
-0.737423237958
25.6274008111
-39.7195170195
33.875934252
4.92328864684
-48.4942700554
3.41043310007
35.9784910439
-22.1007334096
6.07374473055
20.2734207817
27.3176340488
-3.42863091912
-12.5917464687
7.33981235169
28.7159590875
43.0153685045
24.9119154743
41.2369494739
-25.6276901295
16.789075378
-40.0545207113
6.52331781634
6.05903159646
12.5933927256
26.1508194067
-44.1918952499
-5.0525078246
-56.9634585806
-15.9062783376
23.0432298379
29.1087548237
21.6124753698
-2.64802246041
-9.31877740298
-26.8483083692
-7.65192491335
-22.0731010303
5.02022974577
11.3586820151
-26.0580615381
27.9470134896
-19.9439075635
-46.5816600062
-37.5815539704
46.8202387677
1.68692800628
17.6315850846
-10.9226097444
-27.2324672412
-34.7060518046
6.39756926154
-3.6005124662
-28.2713874722
10.9937625009
53.1793650564
-41.6777405099
-34.6879788659
7.81002526073
-31.3344751721
63.2755360623
17.4991049
-26.3089183102
-7.79936041028
58.8295611611
-14.7261729546
-41.6174308245
-34.5401133307
26.0131217868
-8.07590354409
-39.9822678612
10.4537096922
-20.6067483008
81.7154061976
-3.32579085867
-44.2849949445
16.0178625719
-59.122674594
36.9586924867
1.07326492271
2.29950825152
-48.7751443856
9.29328013599
7.18386571587
-10.6759263929
63.1559002447
27.2524182792
34.2134375545
-17.639058646
-58.4106593683
41.0942628162
-74.5679809904
6.20300569581
40.3843600531
-20.1146894679
-24.7580022838
13.0698222223
7.29332153951
22.3613653167
3.32175872231
-63.6764969645
-31.6840287094
-0.378259371777
-30.5113880748
-27.0107888228
-33.6749971038
54.3076923765
10.5681855017
-25.0228122345
-17.0455314668
74.8636691709
-16.5494422969
41.4632743393
-4.75525556275
-17.1958110846
49.3071312902
-50.0439044967
-17.4418062296
21.4624286757
-6.43965078007
103.35464644
2.73625516917
3.91015884497
-23.1318213367
-4.03131903782
-7.24650583647
-41.9188331547
-12.2507262509
-72.1732775333
-46.6501282621
-26.7681826189
23.3638243104
6.3560625684
-12.5733564877
19.4374406744
-20.9644464585
-30.2672941914
23.351782053
2.91927108748
-29.8558459448
-12.5138361607
-12.1660932783
-19.9485089061
14.1177060592
-30.2955506565
-47.7515889919
51.2415266169
-7.95132561054
-6.44915320243
6.00941583471
-37.2314773273
30.5498423272
27.5730834058
-6.6572410422
-0.956259964335
4.33973427676
53.8807506144
-83.5755476147
24.9475634465
-2.006471736
18.0224368952
-30.793477119
-26.5032531131
64.9404926936
3.96218768432
-35.5312027158
-0.268784578729
-26.0062779179
63.7687926012
-16.3982338454
-15.7912214801
12.6006855448
-40.9577115241
5.24523435764
33.4190552413
-35.8169791395
-0.245242552746
34.151070378
2.50106923063
-36.3744303616
31.6258986233
-2.05773231539
-26.634652155
13.4867052801
-20.3507505481
19.4924035142
-57.9399802596
16.3295593989
-44.220122155
12.1797256084
-47.055972499
3.60114175227
3.03073536677
13.7871030812
5.44877047601
-8.01618900826
-26.3187538473
62.8213953208
12.0681178897
89.6360722449
0.376168745228
0.900585775144
-44.0855864578
8.79751483864
-48.4867084179
-23.7096278363
-33.0543469414
-70.0476975085
-8.97380529438
5.10238104539
-50.1207684822
18.2466716227
-48.0658026534
28.6723975192
9.34003982174
5.17112782246
-70.761647962
-0.57006219471
23.9228761185
-34.8554337812
-6.41100248756
8.1919278847
-9.87063358158
-55.4680697287
-48.2445397772
37.5126561534
-54.5053045165
14.7998904196
-31.8265215021
91.1769629502
-3.44993623248
2.29566752735
29.0845961233
-63.3799774868
19.8659158133
-29.9633171586
0.894916274727
22.2504968816
-29.768140362
-28.2699327739
-27.5550428552
-21.1013698832
-31.0114951855
18.001747262
-5.46102059909
-19.0794452729
-11.0009838455
-96.8401297444
14.8755594339
-13.3061796003
-42.6469027181
32.0273586107
52.7655327898
-40.5245538429
-24.0200870767
26.9816819949
-36.279347401
11.4772643033
60.8429995714
-35.0995445693
-19.5064995712
31.8615546317
-2.51100882843
-33.2268271873
10.3466158686
-40.3302426424
16.6378427148
-1.81178877266
9.45819675601
13.4706961993
19.8612514447
4.58923951148
-24.5890754502
-6.77363536444
-36.3191066466
37.3053438797
13.2002543024
-57.7669921751
3.60785936258
24.0974884084
-9.9562338915
-72.772843384
-32.2541451042
-44.1391071893
3.17395912843
-4.17490590575
13.2588729214
-47.0650974145
-5.02042598227
-46.4218038861
-6.09322775599
-6.36278883333
-10.1167545647
33.7652197681
-23.4623077153
20.606201734
8.65858702101
-35.0342103283
-17.3912699524
-10.5200997202
-6.34558068459
-30.4932326302
-50.4662621847
-20.3142903274
-39.7375229482
23.8143910329
-1.27335042378
-21.7823525653
-62.1730688914
-76.0917606055
4.45457962893
32.1576790424
-12.2424592145
-33.8982248446
7.61901822069
-32.4570177292
-20.1631883166
77.4748312279
-33.5933670142
32.290484432
14.0645052
15.1391727792
-18.4758292951
-18.9451937456
-25.8156686632
-41.0541331221
18.4968073847
17.5953881542
31.6580721927
9.02829194554
15.0836131551
-55.3458980577
46.3101032225
12.3422341569
3.97830555796
12.6267885444
-13.8800613027
34.4888288876
19.0504743468
21.2571738497
44.2277686157
-25.0305413632
-3.27477128832
-53.2731851761
-23.5577298425
23.6658167467
-10.4116869688
-38.9737300337
98.5306207555
83.0947072194
22.1223553975
-36.6132773499
-3.5898006527
-1.91939459986
-35.5679510826
-7.03487304576
60.0124085491
16.675550872
-36.6787203706
-9.15532757501
9.75117518113
-21.5167309848
64.5121514873
-52.8946305213
-21.2256704551
21.3086436681
7.48536816067
7.62182318964
-18.0017456424
-27.1807393504
-9.60391040561
-70.9060932851
-52.697411009
12.1988072489
6.38678744793
5.96503669143
-30.7763208733
14.8052116954
19.9373886393
-17.1566835153
-25.8672354143
14.3821195589
38.8068340793
43.3879521931
-14.6908045984
-47.1869836171
-77.5806343229
22.9341909054
12.9322504655
26.4289472975
26.7684969468
-2.40050609561
-59.3837170966
25.3151680601
48.7006744386
-9.10469045271
-15.417503883
-6.03125475267
49.0929293617
12.9803719335
10.5475020045
47.2566789577
-53.3533059759
-28.2277568555
-23.4408916886
-3.77221923289
26.1673110724
-10.2435820852
-30.743683997
-36.5539526368
-30.8973531033
-16.1552525793
-31.6091066694
-26.5478336077
12.163381215
-7.1714479977
23.3347509073
39.6655050108
-32.6195091511
-2.03735376949
-74.4538787145
-4.783693688
15.7288717499
-27.3217529859
10.5343127167
-84.275977948
4.54502933964
10.2291624457
-66.8890348158
-22.6500473412
-2.50515170753
37.1865426214
-23.2081522488
8.98105930625
25.2740165844
30.606735696
0.542437190093
-49.9330453826
-33.4940096768
-11.9424495272
-70.5842381376
1.31527959018
-65.3742030047
-2.4918797376
42.9681184982
0.198970638495
1.75150598907
-14.56379195
-10.4837634812
16.6013358174
34.2239520558
-34.2317018524
-16.1013216015
-7.19615859876
-24.1713609584
36.2695468434
5.92993791973
-19.3419920771
-17.0336150688
32.5994832562
-11.5752856145
34.6688272729
-2.98589573057
-53.1588976109
7.70893073814
-41.1878229003
-34.2196353801
21.1302962603
8.39585399486
-57.2829173191
38.5727098672
5.3517161749
-55.4956086644
-6.66808329824
13.5936282367
52.8506711867
-62.6595128115
18.1056638075
-47.3529286657
5.16845303637
16.503710358
-3.35725543912
-6.62639061965
6.38462326819
-27.0623465617
-4.94020595454
-72.3951179251
-10.4753953625
30.2495411554
7.54302699763
-9.71036962713
24.7369176761
17.2557101018
44.2448250667
21.6119370885
-57.9888488286
-47.2137153708
22.0443268602
25.0444369073
46.1527082808
6.63185188686
-10.536179678
14.2054946181
11.6614635406
-3.87524171641
-28.2325029209
-7.81699253736
-18.8681304518
-46.8917658311
-5.72934869751
38.0401687099
20.3811479338
25.3999094501
-22.9673473718
-35.5817678912
-29.7127189939
16.8036324318
100.9540015
-8.1621166782
9.11850949287
-15.5038232353
-0.351990623068
-51.4731169959
6.85560762204
-25.0239674541
-56.7311833072
-33.9340423136
-18.7466253252
5.52228025245
-13.3302091144
12.4319040733
-12.8314176972
29.9044088437
-27.6052588727
-34.4375946038
-21.4854278135
56.1405501292
60.8301166992
-22.2170422775
8.89946483788
-53.7597198836
33.1964594732
-10.6336637277
-34.7817648416
87.2713578728
88.9629390297
-4.59250749821
-54.1122378557
13.565158132
8.8485298063
-63.6673087447
-62.8109150431
-34.5484196841
-5.51380250222
17.7032963049
11.0193177931
-16.5212221019
-5.33272871863
-3.77479972638
1.83512296643
-18.0963719109
-9.84682037753
-54.6759443944
13.7216812629
40.7898046605
54.4004423293
-35.5870513601
-54.3876240042
-8.71656713822
-20.9108664549
21.5735518074
14.2881707789
40.7290790541
24.3732300079
13.252578636
-39.1835697111
-26.320786213
52.1875951233
11.1696275246
-42.3861682001
19.0192192457
2.04341960352
-53.4376471732
20.242838987
-25.9398584726
-26.5118702138
-38.7535471421
-11.0473231744
-16.5263259772
-26.0870288698
49.1348624395
-2.87708176101
-3.55888897121
-19.9488400101
-53.5140720942
4.99427005312
10.5009846429
-17.4813458222
8.41499164279
-6.1601858601
-24.6850733318
2.26021590496
28.1601766591
-4.29339316261
12.9674723068
40.0430298403
-68.9291310945
-7.5923963458
15.7162781118
-17.1632504547
-76.5042808319
12.2517926
-10.0145153929
-31.1953402072
34.2267917827
-16.710355897
14.5773765802
18.8465606646
-9.72463729979
-40.1889277738
27.9172217348
-55.1765045787
-43.4859072922
-28.6227315206
7.78564624751
6.69649314733
-79.7839609178
-8.8925965091
22.9311674749
-10.6965538804
11.0992923856
-31.4795708427
-39.9373633476
5.89017632118
11.1489105186
-9.15720122668
37.7493088774
-34.5047936299
-24.7939536068
27.196208698
-21.7807493466
26.1695998084
12.9053322901
-32.4258084346
-5.9388363392
0.408144601548
24.4444949623
-22.5361574668
12.1173017552
-14.7500130908
29.210453671
-9.8790700128
15.9368369922
7.25635503323
31.0387659954
3.36534234787
8.96778278683
27.7194670667
17.39734586
41.389161531
58.9718031877
-2.05851909274
17.8870338901
-3.09062962472
-28.0749686435
45.9815847045
37.3732008831
23.8625471824
-11.947892179
-34.3925058455
-5.56401806819
-31.8763167241
-56.9321029357
-4.76713282544
-47.7895236206
-16.4733766717
-24.1067149023
-21.6171462093
-17.4215631629
-23.7020134419
82.7760020347
-2.1445536428
-15.2104586717
-39.606362321
9.8034224293
-33.4463737938
-70.2276896148
1.17304422196
3.9867389017
12.3718202947
10.4545189672
-19.8904415161
3.05943278576
-37.2016835991
-36.6930506325
4.66701248817
-45.1409236706
11.7987167703
61.1594294384
61.1354359337
-47.6598994573
5.82989094508
14.1480418996
-0.884105503748
-31.3722508745
6.24817455793
29.8262980956
-20.8700683048
6.77488191263
-38.9281665838
-8.60608376481
-72.2607126512
-12.1428009324
-4.05265604336
-17.0976044327
-41.6469511258
-27.7587179056
-6.02164696507
-15.065346554
-16.8156677771
-34.3506888093
-42.9992786567
-66.4066070664
16.5785602198
-22.8035781021
28.5934731883
28.2388827164
-89.0275391568
-67.9008332928
3.09638441658
-31.4277263631
47.1075569259
17.7370542474
-0.829058620774
-34.7247591864
-39.6733808281
-49.8249045742
-65.0611940826
-44.2521398347
-32.7680758728
-5.16550798161
-47.5675669073
-49.2640287336
31.517559001
-13.8279286369
20.0113789393
-26.0572342515
2.48988572264
-40.0615087258
16.2271634405
-42.6273589558
71.6866777837
-27.794491826
22.2708769455
-49.9231822843
-38.5261680305
38.3607197351
-6.59483026477
16.9697206436
-24.1854579703
-34.3540044211
-20.7076359457
-20.9195867513
-32.1698882363
-5.07543418259
6.92626586519
17.970678059
20.4880414505
44.5798079336
-2.74296417716
-64.1387100346
35.6704892573
55.943151366
-17.8609825576
-13.3878968181
-2.2354099666
8.55415138454
9.88028696412
-39.3942239338
-5.21982038684
-9.37440494932
-42.161151131
26.4279680576
32.5263560302
-48.8764026364
-20.2932582157
-39.9916366992
7.79058100908
